44 30
7 9 1 1 1
6 7 3 1 2
6 8 1 1 4
7 9 3 1 5
5 8 3 1 7
4 7 4 1 9
4 9 3 1 11
5 9 3 1 13
6 6 1 1 15
8 8 1 1 16
6 8 3 1 17
8 9 3 1 19
1 8 2 1 21
2 5 2 1 22
3 4 1 1 23
2 4 1 1 24
2 4 1 1 25
2 9 3 1 26
6 6 1 1 28
8 9 3 1 29
6 7 3 2 2
7 7 1 2 5
7 8 4 2 6
6 9 1 2 8
7 8 3 2 9
4 9 3 2 11
9 9 3 2 13
2 8 2 2 17
0 8 2 2 18
0 9 2 2 19
0 7 2 2 20
0 9 3 2 26
5 9 2 2 29
5 9 1 2 30
6 7 3 3 1
7 7 3 3 3
4 9 2 3 6
4 8 2 3 7
7 9 1 3 9
5 9 3 3 10
7 9 3 3 12
6 8 3 3 14
1 9 2 3 16
0 4 1 3 21
0 4 1 3 22
0 1 3 3 23
0 3 3 3 25
0 8 3 3 27
6 7 1 4 1
5 6 1 4 2
5 6 2 4 3
3 9 2 4 4
3 9 2 4 5
4 7 2 4 8
7 7 1 4 10
7 7 3 4 11
7 7 3 4 13
1 9 2 4 15
0 3 3 4 17
3 3 1 4 19
2 3 1 4 20
1 1 3 4 23
0 3 4 4 25
0 1 1 4 27
1 8 3 4 28
8 8 1 4 30
5 5 3 5 6
4 7 2 5 9
4 9 2 5 11
7 8 3 5 12
2 8 2 5 14
0 0 3 5 16
3 3 1 5 18
1 1 3 5 21
1 4 3 5 23
1 4 2 5 25
1 4 1 5 26
1 9 3 5 28
8 8 1 6 1
1 8 4 6 2
1 6 2 6 4
2 6 2 6 5
3 6 2 6 6
4 5 2 6 7
3 6 2 6 8
3 7 2 6 10
2 7 2 6 12
0 8 2 6 13
2 3 1 6 15
0 0 3 6 16
3 3 1 6 19
1 4 3 6 20
2 3 1 6 22
0 0 3 6 23
2 2 3 6 27
3 8 3 6 29
0 8 4 7 2
2 6 2 7 9
1 7 2 7 11
0 2 1 7 14
0 0 1 7 16
0 0 1 7 17
1 2 1 7 18
1 2 3 7 20
0 1 3 7 23
3 4 3 7 25
2 2 3 7 27
0 9 3 7 29
3 8 4 8 1
0 1 1 8 3
3 3 1 8 4
0 5 3 8 5
2 5 2 8 7
0 6 2 8 8
0 5 2 8 10
0 3 3 8 12
0 0 1 8 15
1 3 3 8 19
2 3 3 8 21
1 4 1 8 23
2 3 3 8 24
1 3 1 8 26
1 2 1 8 27
1 2 1 8 28
0 9 3 8 29
2 8 4 9 1
2 4 1 9 5
2 4 1 9 6
0 3 1 9 9
0 3 3 9 11
1 1 3 9 13
2 4 3 9 16
0 4 1 9 18
0 4 1 9 19
0 3 1 9 20
0 4 3 9 21
0 1 3 9 24
1 1 1 9 29
0 7 2 9 30
1 8 4 10 1
0 1 4 10 3
1 1 1 10 7
3 3 1 10 8
1 3 3 10 10
0 4 3 10 12
0 0 3 10 14
0 3 4 10 16
1 3 1 10 21
1 3 2 10 22
1 3 1 10 23
2 2 1 10 24
1 2 3 10 25
3 4 3 10 27
2 9 4 11 1
0 1 4 11 3
1 3 1 11 5
1 3 1 11 6
1 2 3 11 9
1 4 3 11 11
3 3 3 11 13
3 3 3 11 15
2 3 3 11 17
1 2 3 11 19
3 3 1 11 25
3 4 3 11 26
1 1 3 11 28
1 4 1 11 30
6 6 1 12 1
0 7 4 12 2
1 3 1 12 4
0 0 1 12 7
2 2 3 12 8
0 0 3 12 10
1 2 3 12 12
1 3 3 12 14
1 1 3 12 16
1 3 3 12 18
2 2 1 12 20
0 2 1 12 21
2 3 3 12 22
0 2 1 12 24
1 7 1 12 26
0 8 1 12 27
1 8 1 12 28
1 7 1 12 29
1 8 4 13 2
1 3 3 13 5
1 5 1 13 8
4 4 1 13 9
0 5 1 13 10
0 0 3 13 11
2 2 3 13 13
0 2 3 13 15
3 3 1 13 17
0 1 1 13 18
1 4 1 13 19
0 1 1 13 22
0 4 2 13 23
1 7 1 13 25
0 5 2 13 30
6 6 1 14 1
3 8 4 14 2
2 5 4 14 4
0 5 3 14 6
2 3 3 14 11
2 2 1 14 13
2 4 3 14 14
0 0 1 14 16
2 5 4 14 20
0 9 1 14 24
9 9 3 14 26
3 6 4 14 28
9 9 1 15 2
2 7 4 15 3
1 6 1 15 5
0 6 1 15 6
3 5 1 15 7
4 4 3 15 8
3 5 4 15 10
2 4 1 15 12
0 3 3 15 14
1 1 3 15 17
1 6 3 15 19
0 6 1 15 21
1 8 1 15 22
0 9 1 15 23
6 8 3 15 25
2 9 1 15 27
1 8 1 15 28
1 1 3 15 29
6 6 1 16 1
3 9 4 16 3
3 5 1 16 8
3 6 1 16 9
4 4 3 16 10
1 7 1 16 13
2 7 1 16 14
2 7 1 16 15
1 8 1 16 16
2 7 1 16 17
1 7 1 16 18
1 5 4 16 19
5 8 1 16 24
4 8 2 16 25
0 8 2 16 26
0 9 4 16 29
6 9 1 17 2
3 7 4 17 3
3 6 1 17 5
3 5 1 17 6
4 5 1 17 7
3 8 1 17 10
2 9 1 17 11
3 8 1 17 12
0 8 4 17 19
0 9 2 17 21
1 9 2 17 22
3 9 2 17 23
3 9 2 17 27
2 9 2 17 28
0 7 2 17 29
2 3 1 17 30
5 7 1 18 1
4 6 4 18 3
2 8 3 18 8
6 9 1 18 13
6 9 1 18 14
7 7 3 18 15
8 9 3 18 17
1 9 4 18 19
4 9 4 18 24
4 6 2 18 26
8 9 1 19 2
4 8 4 19 3
5 5 1 19 5
5 5 1 19 6
3 9 1 19 7
5 8 1 19 8
7 7 3 19 9
6 7 3 19 11
2 9 2 19 15
6 8 3 19 16
6 8 1 19 18
0 9 4 19 19
0 4 1 19 21
2 2 1 19 22
2 7 3 19 23
2 7 2 19 25
1 7 2 19 27
2 5 2 19 28
1 5 3 19 29
8 8 1 20 1
4 8 4 20 3
7 7 1 20 9
5 9 3 20 10
0 7 2 20 12
3 9 2 20 13
2 9 2 20 14
3 7 3 20 16
1 9 4 20 19
2 5 2 20 23
1 6 2 20 24
2 3 1 20 26
0 5 2 20 29
0 5 2 20 30
6 9 1 21 2
4 8 4 21 3
4 7 3 21 5
8 9 3 21 7
3 8 4 21 10
0 1 1 21 15
2 9 3 21 16
5 7 2 21 18
4 9 2 21 19
1 7 4 21 20
0 0 1 21 22
2 5 2 21 25
0 2 3 21 27
5 6 1 22 1
9 9 1 22 3
5 5 3 22 4
4 6 2 22 6
3 8 2 22 7
3 8 2 22 8
4 7 2 22 9
3 8 2 22 10
3 7 4 22 11
2 5 4 22 13
2 7 3 22 16
2 7 4 22 20
0 3 3 22 23
2 3 3 22 26
3 4 3 22 28
1 5 1 22 30
6 7 1 23 2
4 8 4 23 4
2 7 2 23 11
1 6 4 23 12
3 4 1 23 14
2 6 3 23 15
5 5 3 23 17
5 5 3 23 19
0 7 4 23 21
1 5 1 23 23
0 5 4 23 24
0 2 3 23 26
2 4 3 23 28
5 7 1 24 1
5 6 1 24 3
6 7 1 24 4
3 7 4 24 5
4 5 4 24 7
3 5 3 24 9
0 4 2 24 12
2 2 1 24 13
3 4 1 24 15
1 7 3 24 16
5 5 3 24 18
4 6 1 24 20
0 7 4 24 21
0 5 4 24 24
1 1 3 24 26
0 3 1 24 28
3 5 3 24 29
6 9 1 25 2
4 8 4 25 5
3 7 1 25 7
4 5 4 25 8
3 5 4 25 10
1 5 1 25 14
2 7 3 25 16
5 5 3 25 18
2 8 4 25 21
4 4 1 25 23
0 6 4 25 24
3 4 3 25 26
3 5 3 25 29
8 8 1 26 1
8 8 1 26 3
7 9 3 26 4
8 9 1 26 6
3 7 1 26 8
4 5 1 26 9
4 5 1 26 10
4 5 1 26 11
1 4 4 26 12
4 4 3 26 15
3 7 3 26 17
4 8 3 26 19
3 8 4 26 21
1 5 2 26 24
2 5 4 26 25
2 2 3 26 27
3 5 3 26 29
8 9 1 27 2
5 8 3 27 4
6 7 1 27 7
0 6 4 27 12
0 2 1 27 14
2 4 2 27 15
4 4 1 27 16
2 8 3 27 17
5 8 2 27 19
4 9 2 27 20
3 7 4 27 21
1 5 1 27 23
1 6 4 27 25
0 4 4 27 27
4 4 1 27 29
3 5 2 27 30
4 7 2 28 1
8 9 3 28 3
5 9 3 28 5
7 9 1 28 8
4 9 1 28 9
3 7 1 28 10
3 7 1 28 11
2 6 4 28 12
2 8 3 28 17
5 6 1 28 21
3 9 1 28 22
2 6 3 28 24
2 2 3 28 26
1 4 2 28 28
8 9 3 29 2
5 8 3 29 4
6 8 3 29 6
4 6 1 29 12
1 6 4 29 13
0 5 3 29 15
3 9 3 29 17
9 9 3 29 19
0 8 2 29 23
1 5 4 29 24
1 4 3 29 26
4 4 1 29 29
4 4 1 29 30
3 8 1 30 1
6 7 1 30 2
6 6 3 30 3
6 8 3 30 5
5 9 3 30 7
5 7 3 30 9
7 7 1 30 11
5 5 1 30 13
1 6 4 30 14
0 6 1 30 16
1 9 3 30 17
4 9 2 30 19
4 9 2 30 20
1 9 4 30 21
1 5 3 30 24
0 2 3 30 26
3 4 1 30 28
1 8 1 31 3
6 9 3 31 4
7 9 1 31 6
9 9 3 31 7
5 8 2 31 9
4 9 2 31 10
5 6 2 31 12
2 6 4 31 14
4 5 3 31 17
0 7 4 31 21
1 5 4 31 23
3 3 3 31 25
2 2 1 31 27
0 5 4 31 29
7 8 1 32 1
6 7 1 32 2
1 8 1 32 4
0 9 2 32 5
5 7 2 32 7
5 9 2 32 8
4 7 2 32 11
3 6 4 32 13
3 6 1 32 15
5 5 1 32 16
4 5 3 32 17
4 5 3 32 19
1 6 4 32 21
2 5 2 32 23
2 5 1 32 24
0 8 1 32 25
0 8 1 32 26
4 4 3 32 28
1 2 1 32 30
7 8 1 33 3
2 9 2 33 6
4 7 4 33 9
4 6 4 33 12
4 6 1 33 14
3 6 2 33 17
3 6 4 33 18
4 5 1 33 20
1 9 1 33 21
0 8 1 33 22
0 7 2 33 27
1 7 2 33 28
3 4 2 33 29
7 9 3 34 1
1 9 4 34 4
5 8 1 34 7
5 9 1 34 8
4 7 4 34 9
5 5 1 34 11
4 6 4 34 12
4 6 4 34 15
2 7 4 34 18
1 7 2 34 23
0 7 2 34 24
2 6 2 34 25
0 5 2 34 26
3 4 1 34 30
7 9 1 35 1
9 9 1 35 2
8 8 1 35 3
5 7 1 35 4
1 9 4 35 5
4 8 1 35 9
4 7 1 35 10
4 6 4 35 12
5 5 1 35 14
4 6 4 35 15
2 8 3 35 17
2 8 2 35 19
2 8 2 35 20
0 6 4 35 21
2 3 1 35 27
0 2 3 35 28
5 6 3 36 5
5 8 3 36 7
4 8 1 36 11
4 6 4 36 12
3 6 2 36 15
3 5 2 36 16
1 6 3 36 17
0 6 4 36 21
2 6 1 36 23
1 2 3 36 24
0 2 1 36 26
3 3 1 36 28
2 6 3 36 29
6 6 1 37 1
6 7 4 37 2
5 7 3 37 4
6 8 3 37 6
6 6 1 37 8
6 6 1 37 9
5 6 1 37 10
5 6 1 37 12
5 7 1 37 13
3 9 1 37 14
3 5 3 37 17
4 5 3 37 19
3 6 4 37 21
2 5 4 37 24
3 4 1 37 27
1 5 3 37 29
5 6 4 38 2
5 7 1 38 4
5 7 1 38 5
7 7 3 38 6
8 8 1 38 11
3 6 4 38 15
4 4 3 38 17
2 6 2 38 19
0 6 2 38 20
0 7 2 38 21
0 6 2 38 22
0 6 4 38 23
0 2 4 38 25
1 2 1 38 28
0 6 3 38 29
6 8 1 39 1
9 9 3 39 2
4 7 4 39 6
6 6 3 39 8
7 7 1 39 10
5 9 3 39 12
5 9 2 39 14
3 7 4 39 15
4 4 3 39 17
2 4 1 39 23
0 2 3 39 24
1 2 3 39 26
0 7 3 39 29
9 9 3 40 2
5 7 3 40 4
4 9 3 40 6
5 8 1 40 8
5 8 1 40 9
6 6 3 40 11
5 7 1 40 13
4 7 4 40 15
1 6 4 40 17
0 4 3 40 19
3 3 3 40 21
1 4 1 40 24
0 1 3 40 25
0 3 3 40 27
1 9 3 40 29
6 9 1 41 1
6 9 3 41 2
6 9 1 41 4
9 9 3 41 5
7 8 1 41 7
7 8 1 41 10
7 8 1 41 11
7 7 1 41 12
7 8 3 41 14
4 8 1 41 16
3 9 1 41 17
0 4 4 41 18
2 4 3 41 20
1 1 3 41 22
2 4 1 41 25
0 1 4 41 26
0 8 3 41 28
8 8 1 41 30
6 9 3 42 2
5 6 3 42 5
7 9 3 42 8
9 9 3 42 13
8 8 1 42 15
3 8 1 42 18
2 8 1 42 19
2 6 1 42 20
2 6 4 42 21
1 1 3 42 23
1 6 1 42 26
1 7 1 42 27
1 8 3 42 28
6 8 4 43 1
2 9 2 43 3
2 9 3 43 4
7 9 1 43 6
7 8 3 43 7
7 8 1 43 9
6 6 1 43 10
8 9 1 43 11
8 9 1 43 12
6 7 3 43 13
8 8 3 43 16
4 8 1 43 21
3 9 1 43 22
2 8 1 43 23
0 9 1 43 24
2 9 1 43 25
7 8 3 43 28
9 9 1 43 30
6 8 3 44 1
6 9 3 44 4
5 9 3 44 7
7 9 3 44 13
8 8 3 44 15
5 6 3 44 17
8 9 3 44 19
0 9 3 44 26
5 8 3 44 28
