44 30
9 9 3 1 1
9 9 3 1 3
9 9 3 1 5
9 9 3 1 7
7 9 4 1 9
7 9 3 1 11
9 9 3 1 13
9 9 1 1 15
9 9 3 1 16
9 9 3 1 18
9 9 3 1 20
0 2 4 1 22
0 0 1 1 24
0 2 3 1 25
9 9 3 1 27
9 9 3 1 29
9 9 1 2 1
9 9 3 2 2
9 9 3 2 4
9 9 3 2 6
9 9 3 2 8
7 9 4 2 10
9 9 3 2 12
9 9 1 2 14
9 9 3 2 16
9 9 3 2 18
0 5 2 2 20
0 0 3 2 21
0 0 1 2 23
0 0 3 2 25
9 9 3 2 27
9 9 3 2 29
9 9 1 3 2
9 9 3 3 3
9 9 3 3 5
9 9 3 3 7
9 9 3 3 9
9 9 1 3 11
9 9 3 3 12
9 9 3 3 15
0 3 2 3 17
0 0 1 3 18
0 0 1 3 19
0 0 3 3 21
0 0 1 3 24
0 0 1 3 25
0 0 1 3 26
0 0 1 3 27
1 9 2 3 28
9 9 3 3 29
9 9 1 4 1
9 9 3 4 3
6 9 4 4 5
7 8 3 4 7
9 9 3 4 9
9 9 1 4 12
9 9 1 4 13
8 9 2 4 14
1 9 4 4 15
0 0 3 4 20
0 0 3 4 22
9 9 1 4 29
9 9 1 4 30
8 9 4 5 2
4 4 3 5 4
4 5 3 5 6
6 8 3 5 8
9 9 3 5 10
0 0 1 5 15
0 0 1 5 16
0 0 1 5 17
0 0 1 5 18
0 0 1 5 19
0 0 1 5 20
0 0 1 5 21
0 0 1 5 22
0 0 1 5 23
0 0 1 5 24
0 0 1 5 25
0 0 1 5 26
0 0 1 5 27
0 0 1 5 28
9 9 3 6 1
1 2 3 6 3
3 4 3 6 5
3 4 2 6 7
3 5 2 6 8
6 8 3 6 9
7 8 3 6 11
2 7 4 6 13
4 9 3 6 29
7 9 4 7 1
0 0 1 7 3
0 0 1 7 4
1 2 3 7 5
3 4 3 7 9
2 4 4 7 11
0 0 1 7 13
0 0 1 7 14
0 0 1 7 15
0 0 1 7 16
0 0 1 7 17
0 0 1 7 18
0 0 1 7 19
0 0 1 7 20
0 0 1 7 21
0 0 1 7 22
0 0 1 7 23
0 0 1 7 24
0 0 1 7 25
0 0 1 7 26
0 0 1 7 27
0 0 1 7 28
0 0 1 7 29
9 9 1 7 30
9 9 1 8 1
3 4 2 8 2
0 0 1 8 5
1 2 3 8 6
0 2 2 8 8
0 1 2 8 9
0 1 2 8 10
0 0 3 8 11
0 0 1 9 3
0 0 1 9 4
0 0 1 9 6
0 0 1 9 7
0 0 1 9 11
0 0 1 9 12
0 0 1 9 13
0 0 1 9 14
0 0 1 9 15
0 0 1 9 16
0 0 1 9 17
0 0 1 9 18
0 0 1 9 19
0 0 1 9 20
0 0 1 9 21
0 0 1 9 22
0 0 1 9 23
0 0 1 9 24
0 0 1 9 25
0 0 1 9 26
0 0 1 9 27
0 0 1 9 28
0 0 1 9 29
0 5 2 9 30
2 9 4 10 1
0 0 1 10 5
0 0 3 10 8
0 0 1 10 10
3 9 4 11 1
0 0 1 11 3
0 0 1 11 4
0 0 1 11 6
0 0 1 11 7
0 0 1 11 8
0 0 1 11 9
0 0 1 11 11
0 0 1 11 12
0 0 1 11 13
0 0 1 11 14
0 0 1 11 15
0 0 1 11 16
0 0 1 11 17
0 0 1 11 18
0 0 1 11 19
0 0 1 11 20
0 0 1 11 21
0 0 1 11 22
0 0 1 11 23
0 0 1 11 24
0 0 1 11 25
0 0 1 11 26
0 0 1 11 27
0 1 1 11 28
0 0 1 11 29
0 0 1 11 30
5 9 4 12 1
0 0 1 12 5
0 0 1 12 10
9 9 3 13 1
0 1 4 13 3
0 0 1 13 6
0 1 1 13 7
0 2 1 13 8
1 1 1 13 9
0 0 1 13 11
0 0 1 13 12
0 0 1 13 13
0 0 1 13 14
0 0 1 13 15
0 0 1 13 16
0 0 1 13 17
0 0 1 13 18
0 0 3 13 19
0 0 1 13 21
0 0 1 13 22
0 0 1 13 23
0 0 1 13 24
0 6 3 13 25
7 9 3 13 27
1 5 4 13 29
9 9 1 14 1
4 9 4 14 2
0 1 4 14 4
1 2 1 14 10
0 1 3 14 19
7 9 3 14 25
3 9 2 14 27
1 4 2 14 28
0 2 4 14 29
8 9 4 15 2
0 2 4 15 4
0 1 3 15 6
2 2 3 15 8
0 1 4 15 11
0 0 1 15 13
0 0 3 15 14
0 1 1 15 16
0 1 1 15 17
0 0 1 15 18
0 1 1 15 19
0 2 2 15 20
0 3 1 15 21
0 0 3 15 22
9 9 3 15 24
9 9 1 15 26
0 0 3 15 29
9 9 1 16 1
9 9 1 16 2
4 9 4 16 3
2 3 4 16 5
2 3 1 16 7
2 2 3 16 8
2 4 1 16 10
1 2 4 16 11
1 2 3 16 14
8 9 1 16 22
9 9 1 16 23
9 9 1 16 24
5 9 2 16 25
9 9 1 16 27
9 9 1 16 28
0 9 4 16 29
4 8 4 17 3
2 2 3 17 5
3 4 3 17 8
3 9 1 17 11
4 6 3 17 12
7 7 3 17 14
6 9 4 17 16
7 8 3 17 18
0 9 3 17 20
0 6 1 17 26
0 4 2 17 29
0 0 1 17 30
9 9 1 18 1
9 9 1 18 2
5 7 4 18 3
3 4 4 18 5
3 3 3 18 7
9 9 3 18 9
9 9 3 18 12
9 9 3 18 14
9 9 1 18 16
9 9 1 18 17
9 9 1 18 18
0 9 4 18 19
0 0 3 18 21
4 9 3 18 23
5 6 2 18 25
2 4 4 18 27
6 9 4 19 3
5 5 3 19 5
4 8 3 19 7
9 9 1 19 9
9 9 3 19 10
9 9 3 19 12
9 9 1 19 14
3 9 2 19 15
0 9 4 19 19
0 0 1 19 21
0 0 1 19 22
1 6 3 19 23
4 4 3 19 26
0 1 2 19 28
0 1 3 19 29
9 9 3 20 1
5 9 4 20 3
5 6 2 20 5
6 9 3 20 6
9 9 1 20 8
8 9 1 20 10
6 9 4 20 11
4 9 2 20 13
2 4 2 20 16
9 9 1 20 17
9 9 1 20 18
9 9 1 20 19
1 4 1 20 20
1 2 3 20 23
0 2 4 20 25
0 0 1 20 27
1 1 3 20 29
9 9 3 21 1
5 9 4 21 3
8 9 3 21 6
9 9 1 21 9
0 5 4 21 11
0 2 2 21 14
0 0 1 21 15
0 1 1 21 21
0 0 1 21 22
0 0 1 21 23
0 0 1 21 24
0 1 2 21 25
0 0 1 21 26
0 0 1 21 28
0 0 1 21 29
0 0 1 21 30
9 9 1 22 1
9 9 1 22 2
9 9 1 22 3
7 9 1 22 4
6 6 1 22 5
4 6 2 22 6
9 9 3 22 7
5 9 2 22 10
4 7 4 22 11
0 1 2 22 13
2 3 1 22 16
7 8 3 22 17
6 7 2 22 19
5 6 1 22 20
0 0 1 22 27
3 4 2 23 7
5 5 3 23 8
3 6 4 23 11
0 0 1 23 14
0 0 1 23 15
5 6 3 23 17
4 6 1 23 21
0 0 1 23 22
0 1 3 23 23
0 0 1 23 25
0 0 1 23 26
0 0 1 23 28
1 1 3 23 29
9 9 1 24 1
9 9 1 24 2
9 9 3 24 3
4 8 4 24 5
2 3 1 24 8
2 2 1 24 9
2 3 2 24 10
1 2 2 24 11
0 1 2 24 12
0 0 1 24 13
1 6 3 24 16
6 6 1 24 18
5 6 4 24 19
1 1 3 24 23
0 0 1 24 27
1 2 3 24 29
9 9 3 25 3
9 9 1 25 5
3 7 4 25 6
0 0 3 25 14
1 6 3 25 16
6 7 1 25 19
7 9 1 25 20
3 8 4 25 21
1 1 1 25 23
0 2 4 25 24
0 0 1 25 26
0 0 1 25 28
1 3 3 25 29
9 9 3 26 1
9 9 1 26 3
9 9 1 26 4
7 9 4 26 6
3 4 4 26 8
2 3 1 26 10
1 2 4 26 11
0 0 1 26 13
1 1 3 26 14
1 1 1 26 16
3 4 2 26 17
7 9 1 26 18
8 9 2 26 21
3 4 2 26 22
0 2 2 26 24
2 2 1 26 25
0 1 1 26 27
1 2 3 26 29
9 9 3 27 1
9 9 3 27 5
8 9 4 27 7
4 7 1 27 9
2 3 4 27 11
0 0 1 27 14
0 1 2 27 15
9 9 3 27 19
0 1 1 27 23
0 0 1 27 26
0 1 1 27 28
1 2 3 27 29
7 9 2 28 1
9 9 1 28 2
9 9 1 28 3
9 9 1 28 4
9 9 1 28 5
9 9 1 28 6
9 9 3 28 7
4 8 1 28 10
4 7 1 28 11
1 4 4 28 12
1 1 1 28 16
3 4 1 28 17
8 9 4 28 18
7 9 1 28 20
8 9 1 28 21
4 9 1 28 22
0 2 3 28 24
0 0 1 28 27
1 1 1 28 29
1 1 1 28 30
9 9 1 29 7
9 9 3 29 8
3 5 4 29 12
0 2 1 29 14
0 0 1 29 15
9 9 3 29 18
2 9 4 29 23
0 1 1 29 25
0 0 1 29 26
0 0 1 29 28
5 9 1 30 1
9 9 3 30 2
9 9 3 30 4
9 9 1 30 6
9 9 1 30 8
9 9 1 30 9
9 9 1 30 10
9 9 1 30 11
4 6 4 30 12
0 1 3 30 16
3 9 2 30 18
5 9 2 30 19
6 9 2 30 20
4 9 2 30 21
0 1 4 30 22
0 0 1 30 24
0 0 1 30 27
1 1 3 30 29
9 9 1 31 2
1 9 1 31 3
9 9 3 31 4
9 9 1 31 7
5 8 4 31 12
1 3 4 31 14
2 2 3 31 16
0 0 1 31 22
1 1 1 31 23
0 0 1 31 25
0 0 1 31 26
1 1 3 31 28
0 0 1 31 30
9 9 1 32 1
0 9 1 32 4
0 9 2 32 5
9 9 1 32 6
8 9 2 32 8
7 8 4 32 9
7 8 4 32 11
3 5 4 32 13
3 4 3 32 15
3 3 3 32 17
3 4 2 32 19
3 5 2 32 20
1 2 2 32 21
0 1 1 32 24
0 4 1 32 27
1 1 3 32 28
9 9 3 33 2
8 8 1 33 7
6 8 4 33 9
6 7 3 33 11
3 5 4 33 13
4 5 4 33 15
5 5 3 33 17
0 0 3 33 22
7 9 3 33 25
1 4 4 33 28
0 0 1 33 30
9 9 3 34 1
9 9 1 34 3
1 9 4 34 4
2 2 1 34 6
8 8 3 34 8
5 6 4 34 10
5 7 4 34 12
5 6 3 34 14
3 4 4 34 16
2 8 4 34 18
4 9 1 34 20
3 9 2 34 21
6 9 4 34 22
3 5 4 34 24
0 1 4 34 26
0 0 3 34 28
9 9 3 35 1
9 9 3 35 4
9 9 3 35 7
5 7 4 35 9
5 6 1 35 11
6 7 1 35 12
4 5 3 35 13
4 6 4 35 15
2 9 3 35 17
3 9 2 35 19
0 0 1 35 22
0 0 1 35 23
0 0 1 35 24
0 0 1 35 25
0 0 1 35 26
0 0 1 35 27
0 0 1 35 28
0 1 3 35 29
9 9 1 36 1
9 9 1 36 2
9 9 1 36 3
9 9 1 36 4
9 9 1 36 5
9 9 1 36 6
9 9 1 36 7
9 9 1 36 8
9 9 1 36 9
8 9 1 36 10
4 5 4 36 13
2 4 2 36 15
0 3 4 36 16
2 3 2 36 18
2 3 1 36 20
2 4 1 36 21
0 2 3 36 29
7 9 4 37 11
5 8 4 37 13
1 1 3 37 16
2 3 1 37 19
2 3 3 37 22
0 2 2 37 24
0 0 1 37 25
0 0 1 37 26
0 0 1 37 27
0 0 1 37 28
0 1 3 37 29
9 9 1 38 1
9 9 1 38 2
9 9 1 38 3
9 9 1 38 4
9 9 1 38 5
9 9 3 38 6
9 9 1 38 8
9 9 1 38 9
9 9 1 38 10
9 9 1 38 11
8 8 1 38 12
9 9 1 38 13
9 9 1 38 14
5 7 1 38 15
2 2 3 38 16
2 2 1 38 18
3 4 3 38 20
3 3 3 38 22
0 3 3 38 29
6 9 4 39 6
2 4 4 39 16
0 1 2 39 19
0 0 1 39 20
0 0 1 39 21
0 0 1 39 22
0 0 1 39 23
0 0 1 39 24
0 0 1 39 25
0 0 1 39 26
0 0 1 39 27
0 0 1 39 28
0 1 1 39 29
4 9 1 39 30
9 9 1 40 1
9 9 1 40 2
9 9 1 40 3
9 9 1 40 4
7 9 4 40 5
9 9 3 40 7
9 9 1 40 9
9 9 1 40 10
9 9 1 40 11
9 9 1 40 12
8 8 3 40 13
8 9 1 40 15
5 7 1 40 16
0 3 4 40 17
9 9 3 41 5
9 9 3 41 7
9 9 3 41 13
4 9 1 41 17
0 1 4 41 18
0 0 3 41 20
0 0 1 41 22
0 0 1 41 23
0 0 1 41 24
0 0 1 41 25
0 0 1 41 26
0 0 1 41 27
0 1 1 41 28
7 9 3 41 29
9 9 3 42 1
9 9 3 42 3
9 9 1 42 5
9 9 1 42 6
9 9 1 42 7
9 9 1 42 8
9 9 1 42 9
9 9 1 42 10
9 9 1 42 11
9 9 1 42 12
9 9 1 42 13
9 9 1 42 14
9 9 3 42 15
2 4 4 42 18
1 4 1 42 20
2 5 1 42 21
9 9 3 42 29
9 9 3 43 1
3 9 4 43 3
9 9 1 43 15
9 9 3 43 16
9 9 3 43 18
3 4 4 43 22
0 3 3 43 24
0 3 2 43 26
6 9 1 43 27
9 9 3 43 28
9 9 1 43 30
9 9 3 44 1
2 9 3 44 3
9 9 3 44 5
9 9 3 44 7
9 9 3 44 9
9 9 3 44 11
9 9 3 44 13
9 9 3 44 16
9 9 3 44 18
9 9 3 44 20
9 9 3 44 22
9 9 3 44 24
9 9 3 44 28
