44 30
0 0 1 1 1
0 1 1 1 2
0 0 1 1 3
0 0 1 1 4
2 2 3 1 5
0 4 3 1 7
0 0 1 1 9
2 5 2 1 10
1 5 4 1 11
2 3 1 1 13
0 1 3 1 14
0 1 1 1 16
2 2 3 1 17
0 1 3 1 19
0 8 1 1 21
4 8 1 1 22
5 8 2 1 23
5 7 1 1 24
8 9 1 1 25
0 7 4 1 26
1 3 1 1 28
0 0 1 1 29
0 3 1 1 30
0 0 1 2 5
0 4 3 2 6
2 3 1 2 8
0 5 4 2 11
1 2 1 2 14
0 0 1 2 15
0 7 1 2 17
0 8 1 2 18
0 9 1 2 19
2 9 1 2 20
0 9 4 2 26
3 3 3 3 1
0 1 4 3 3
0 5 1 3 6
2 5 1 3 7
0 3 1 3 9
2 2 3 3 10
2 2 3 3 12
0 8 1 3 16
8 9 3 3 21
5 8 1 3 23
7 8 1 3 24
5 8 3 3 25
0 9 4 3 27
0 3 3 3 29
3 4 1 4 1
1 4 3 4 2
1 6 1 4 4
1 6 1 4 5
3 5 1 4 8
0 1 1 4 10
2 2 3 4 11
1 1 3 4 13
1 9 1 4 15
7 7 3 4 17
6 8 1 4 19
6 9 3 4 20
6 6 1 4 22
7 9 1 4 25
5 6 1 4 26
6 8 1 4 27
1 8 4 4 28
3 3 1 4 30
2 4 3 5 2
4 4 3 5 6
2 5 1 5 9
0 5 1 5 11
3 3 3 5 12
1 7 1 5 14
7 8 1 5 16
7 7 1 5 17
6 6 1 5 18
5 8 3 5 20
6 9 3 5 23
0 9 4 5 28
1 2 1 6 1
1 8 3 6 2
3 8 1 6 4
3 7 1 6 5
3 6 1 6 6
4 5 1 6 7
3 6 1 6 8
2 6 1 6 10
2 7 1 6 12
1 9 1 6 13
9 9 1 6 15
8 9 1 6 19
5 8 1 6 20
6 9 3 6 21
9 9 1 6 23
6 6 1 6 24
5 7 1 6 25
5 8 1 6 26
7 8 1 6 27
7 9 1 6 28
0 6 4 6 29
1 8 3 7 2
3 7 1 7 9
2 9 1 7 11
8 9 1 7 14
8 8 3 7 16
8 8 1 7 18
6 9 3 7 21
1 9 4 7 29
0 6 3 8 1
8 9 3 8 3
4 8 4 8 5
3 8 1 8 7
3 8 1 8 8
4 9 1 8 10
6 6 3 8 12
7 7 1 8 15
6 7 3 8 16
5 9 1 8 19
7 8 1 8 20
5 6 1 8 21
5 6 1 8 22
6 9 3 8 23
5 8 3 8 25
6 8 1 8 27
7 8 1 8 28
0 8 4 8 29
1 7 3 9 1
8 9 2 9 3
6 7 1 9 4
6 6 3 9 5
9 9 1 9 9
6 7 3 9 11
7 7 3 9 13
5 6 1 9 16
8 9 3 9 17
6 8 3 9 23
6 8 3 9 25
9 9 1 9 29
2 9 1 9 30
1 8 3 10 1
9 9 1 10 5
9 9 1 10 6
5 9 1 10 7
7 9 1 10 8
5 6 3 10 10
9 9 3 10 12
8 8 3 10 14
5 9 3 10 17
6 7 3 10 19
7 8 3 10 21
6 6 3 10 23
5 9 3 10 25
8 8 3 10 27
1 7 3 11 1
6 7 3 11 3
8 8 3 11 9
8 8 3 11 11
6 8 3 11 13
7 9 3 11 15
7 7 3 11 17
7 8 3 11 19
5 6 3 11 21
6 6 3 11 23
5 9 1 11 25
7 9 3 11 26
8 9 3 11 28
7 7 1 11 30
0 3 1 12 1
2 8 3 12 2
5 8 3 12 4
7 9 3 12 6
7 8 3 12 8
6 7 3 12 10
5 9 3 12 12
8 9 1 12 14
5 7 3 12 15
7 9 3 12 17
6 8 1 12 19
6 6 1 12 20
9 9 3 12 21
6 6 1 12 23
7 9 1 12 24
2 8 2 12 26
1 9 2 12 27
0 8 2 12 28
2 9 2 12 29
0 8 3 13 2
6 9 3 13 4
6 8 3 13 6
4 7 2 13 8
5 6 3 13 9
7 7 3 13 11
9 9 1 13 13
5 7 3 13 15
7 9 3 13 17
6 7 3 13 21
2 9 2 13 25
5 6 1 13 30
1 4 1 14 1
1 6 3 14 2
4 6 3 14 4
4 7 4 14 6
4 6 2 14 9
4 9 3 14 10
7 7 1 14 12
6 9 4 14 14
7 8 3 14 16
6 9 4 14 18
4 9 3 14 20
5 7 3 14 22
0 8 2 14 24
0 3 3 14 26
3 6 3 14 28
1 2 1 15 2
2 7 3 15 3
3 9 2 15 5
4 8 2 15 6
4 6 2 15 7
5 5 1 15 8
4 6 3 15 10
8 8 3 15 13
6 7 3 15 15
9 9 3 15 17
4 7 2 15 19
3 9 1 15 20
3 9 2 15 21
1 9 2 15 22
0 9 2 15 23
1 3 3 15 25
1 7 2 15 27
1 8 2 15 28
0 8 2 15 29
8 9 1 15 30
2 3 2 16 1
0 6 3 16 3
5 5 3 16 9
4 6 3 16 11
2 8 2 16 13
2 7 2 16 14
2 7 2 16 15
1 8 2 16 16
2 8 2 16 17
1 9 2 16 18
0 0 1 16 24
0 5 1 16 25
0 9 1 16 26
2 3 1 17 2
2 6 3 17 3
5 5 3 17 5
4 5 1 17 7
4 5 4 17 8
0 6 2 17 10
1 7 2 17 11
0 6 2 17 12
1 9 3 17 19
1 9 1 17 21
0 9 1 17 22
1 6 1 17 23
1 6 1 17 27
0 7 1 17 28
2 8 3 17 29
0 1 1 18 1
3 5 3 18 3
3 5 2 18 5
3 6 2 18 6
1 7 4 18 8
3 3 1 18 13
0 3 1 18 14
0 4 4 18 15
3 3 1 18 17
3 4 1 18 18
1 9 3 18 19
1 5 3 18 24
3 5 1 18 26
8 9 3 18 29
0 1 1 19 2
1 5 3 19 3
1 6 2 19 7
3 4 2 19 8
3 4 3 19 9
0 4 3 19 11
1 7 1 19 15
1 6 1 19 16
0 9 3 19 19
5 8 3 19 21
2 7 4 19 23
2 7 1 19 25
2 9 1 19 27
4 7 1 19 28
4 9 4 19 29
1 3 1 20 1
0 6 3 20 3
4 4 3 20 5
0 3 1 20 9
0 4 4 20 10
2 9 1 20 12
0 6 1 20 13
0 7 1 20 14
3 3 3 20 17
1 8 3 20 19
5 9 3 20 21
4 9 1 20 23
4 8 1 20 24
6 9 1 20 26
4 9 1 20 29
4 7 1 20 30
1 1 1 21 2
0 5 3 21 3
2 5 4 21 5
3 4 3 21 7
0 5 3 21 10
7 8 1 21 15
1 7 4 21 16
3 4 1 21 18
1 5 1 21 19
2 8 3 21 20
7 9 1 21 22
5 6 1 21 25
7 8 1 21 27
5 7 1 21 28
3 3 1 22 1
1 1 1 22 3
3 4 3 22 4
3 5 1 22 6
0 6 1 22 7
0 6 1 22 8
0 5 1 22 9
0 5 1 22 10
2 6 3 22 11
5 9 3 22 13
2 7 4 22 16
2 7 3 22 20
7 7 3 22 23
7 9 1 22 26
5 7 2 22 29
4 8 2 22 30
0 3 1 23 2
0 5 3 23 4
2 7 1 23 11
3 9 3 23 12
6 9 1 23 14
3 8 4 23 15
4 4 3 23 17
4 4 3 23 19
2 9 3 23 21
5 8 2 23 23
4 7 3 23 24
6 7 1 23 27
5 7 1 23 28
2 4 1 24 1
3 4 1 24 3
1 3 1 24 4
2 6 3 24 5
4 6 3 24 7
4 5 4 24 9
4 8 3 24 12
8 8 1 24 15
2 8 4 24 16
4 4 3 24 18
3 5 2 24 20
2 9 3 24 21
4 6 3 24 24
5 8 1 24 26
4 6 4 24 29
2 2 1 25 2
2 2 1 25 5
2 6 3 25 6
4 5 3 25 8
4 6 3 25 10
4 7 2 25 12
6 7 1 25 13
5 9 2 25 14
2 7 4 25 16
4 4 3 25 18
2 6 3 25 21
5 5 1 25 23
3 8 3 25 24
9 9 1 25 27
9 9 1 25 28
3 7 4 25 29
1 2 1 26 1
2 2 1 26 3
2 2 1 26 4
0 0 1 26 6
0 5 2 26 7
4 5 3 26 8
4 6 2 26 10
4 5 2 26 11
5 5 3 26 15
2 6 4 26 17
3 4 2 26 19
1 4 2 26 20
0 6 3 26 21
3 7 1 26 24
3 9 3 26 25
5 5 3 26 29
1 3 1 27 2
2 4 1 27 5
2 6 3 27 8
4 9 3 27 12
7 8 1 27 14
4 7 1 27 15
5 5 1 27 16
0 7 4 27 17
2 7 3 27 21
4 9 2 27 23
3 9 3 27 25
5 6 3 27 27
4 6 4 27 29
0 5 1 28 1
1 2 3 28 3
1 3 3 28 6
1 5 3 28 8
2 6 2 28 10
2 6 2 28 11
3 7 3 28 12
0 7 4 28 17
2 4 2 28 19
2 5 2 28 20
1 4 2 28 21
1 6 2 28 22
3 9 4 28 24
5 9 1 28 26
4 8 4 28 27
5 5 1 28 29
5 5 1 28 30
0 2 3 29 2
1 3 3 29 4
2 3 3 29 6
2 2 3 29 8
4 4 1 29 12
3 8 3 29 13
5 7 4 29 15
1 6 4 29 17
0 9 1 29 23
3 7 3 29 24
6 8 3 29 27
0 5 2 30 1
1 1 1 30 2
3 4 3 30 3
1 4 3 30 5
0 0 3 30 7
1 4 3 30 9
0 1 2 30 11
3 6 3 30 13
4 8 2 30 15
3 7 2 30 16
1 8 4 30 17
1 5 1 30 19
1 5 1 30 20
1 8 3 30 21
5 6 4 30 24
5 8 3 30 26
4 8 4 30 28
4 9 1 30 30
0 8 4 31 3
2 4 3 31 5
0 2 3 31 7
1 4 1 31 9
1 5 1 31 10
2 5 3 31 12
4 5 1 31 14
4 5 4 31 17
2 8 3 31 21
4 8 3 31 23
6 8 3 31 25
4 7 4 31 27
5 5 1 31 29
1 3 3 32 1
0 9 3 32 3
0 0 3 32 5
0 4 1 32 7
2 4 1 32 8
2 5 1 32 11
3 5 3 32 12
3 6 2 32 15
4 4 1 32 16
4 5 3 32 17
4 4 3 32 19
3 8 3 32 21
4 9 1 32 23
4 9 2 32 24
1 9 2 32 25
1 9 2 32 26
4 9 4 32 27
6 7 1 32 30
3 3 1 33 1
2 4 3 33 2
0 8 3 33 4
0 7 1 33 6
2 5 3 33 9
3 5 3 33 12
3 6 2 33 14
3 6 1 33 17
3 6 3 33 18
4 5 2 33 20
0 8 2 33 21
0 8 2 33 22
2 8 1 33 27
2 9 1 33 28
4 8 1 33 29
1 3 3 34 2
1 8 3 34 4
1 4 2 34 7
1 4 2 34 8
2 5 3 34 9
4 4 1 34 11
3 5 3 34 12
3 5 3 34 15
2 7 3 34 18
2 9 1 34 23
2 9 1 34 24
3 8 1 34 25
4 7 1 34 26
5 7 2 34 30
0 4 1 35 1
0 4 1 35 2
1 3 3 35 3
1 7 3 35 5
1 5 2 35 9
2 5 2 35 10
3 5 3 35 12
4 4 1 35 14
3 5 3 35 15
0 7 4 35 17
0 7 1 35 19
0 7 1 35 20
3 8 3 35 21
6 6 1 35 27
8 9 3 35 28
3 3 1 36 3
1 1 3 36 4
1 1 3 36 6
3 3 1 36 8
2 5 2 36 11
4 4 1 36 12
2 5 2 36 13
3 6 1 36 15
3 7 1 36 16
3 9 4 36 17
3 6 2 36 21
3 9 2 36 22
3 8 2 36 23
4 7 2 36 24
8 8 3 36 25
8 8 1 36 28
4 7 4 36 29
2 4 3 37 1
1 1 3 37 4
0 2 3 37 6
0 4 3 37 9
1 6 2 37 14
4 6 4 37 17
4 5 4 37 19
6 7 3 37 25
6 8 1 37 27
4 8 4 37 29
2 3 3 38 1
1 4 3 38 3
0 4 1 38 5
0 2 1 38 6
0 2 3 38 7
0 2 3 38 9
2 4 3 38 11
2 4 1 38 13
3 6 3 38 15
5 5 3 38 17
3 7 1 38 19
3 7 1 38 20
2 8 1 38 21
3 9 1 38 22
3 9 3 38 23
7 9 3 38 25
8 8 1 38 28
3 7 4 38 29
1 1 1 39 1
2 4 3 39 2
0 3 1 39 4
1 5 2 39 7
1 2 3 39 8
1 2 1 39 10
3 3 1 39 11
2 4 2 39 12
1 4 1 39 14
2 6 3 39 15
5 5 3 39 17
7 7 1 39 23
5 6 3 39 24
7 7 3 39 26
2 8 4 39 29
1 1 3 40 2
1 5 3 40 5
1 2 3 40 8
3 4 2 40 13
2 6 3 40 15
3 8 3 40 17
6 9 3 40 19
6 9 3 40 21
5 7 1 40 24
6 6 3 40 25
7 7 3 40 27
1 8 4 40 29
1 1 3 41 1
0 2 3 41 3
1 1 1 41 5
0 1 3 41 6
0 3 3 41 8
0 2 3 41 10
0 3 2 41 12
2 2 1 41 14
1 2 1 41 15
1 5 2 41 16
0 6 2 41 17
5 7 3 41 18
6 6 3 41 20
6 8 3 41 22
8 8 1 41 25
5 9 3 41 26
1 9 4 41 28
3 4 1 41 30
0 2 3 42 1
1 3 3 42 3
0 2 3 42 6
0 2 4 42 8
0 2 3 42 10
2 3 1 42 13
0 6 2 42 18
1 7 2 42 19
3 7 2 42 20
3 8 3 42 21
5 9 3 42 23
3 9 2 42 26
2 8 2 42 27
1 8 4 42 28
2 3 1 43 1
2 3 1 43 2
0 7 1 43 3
0 7 2 43 4
1 4 1 43 5
1 2 4 43 6
1 3 1 43 8
2 3 1 43 9
2 3 1 43 10
0 1 3 43 11
2 3 3 43 14
3 3 3 43 16
1 6 2 43 21
1 6 2 43 22
1 7 2 43 23
0 9 2 43 24
1 7 2 43 25
2 2 1 43 28
0 4 1 43 29
1 2 1 43 30
1 2 3 44 6
0 1 3 44 11
0 4 3 44 13
0 0 3 44 15
0 3 3 44 17
1 1 3 44 19
0 9 4 44 26
