44 30
0 0 1 1 1
0 0 1 1 2
0 0 1 1 3
0 0 1 1 4
0 0 1 1 5
0 0 1 1 6
0 0 1 1 7
0 0 1 1 8
0 0 1 1 9
2 2 3 1 10
0 0 1 1 12
0 0 1 1 13
0 0 1 1 14
0 0 1 1 15
0 0 1 1 16
0 0 1 1 17
0 0 1 1 18
0 0 1 1 19
0 0 3 1 20
7 9 1 1 22
9 9 3 1 23
7 9 4 1 25
0 0 1 1 27
0 0 1 1 28
0 0 1 1 29
0 0 1 1 30
0 2 3 2 10
4 9 3 2 20
9 9 3 2 23
9 9 1 2 25
9 9 1 2 26
0 0 1 3 1
0 0 1 3 2
0 0 1 3 3
0 0 1 3 4
0 0 1 3 5
0 0 3 3 6
0 0 3 3 8
0 0 3 3 10
0 0 1 3 12
0 0 1 3 13
0 0 1 3 14
0 0 1 3 15
0 8 1 3 16
6 9 3 3 17
9 9 3 3 19
9 9 3 3 21
9 9 3 3 23
0 9 4 3 27
0 0 1 3 29
0 0 1 3 30
3 5 1 4 6
2 4 1 4 7
1 3 1 4 8
0 0 3 4 9
0 0 1 4 11
9 9 1 4 17
9 9 1 4 18
9 9 1 4 19
9 9 1 4 20
9 9 1 4 21
9 9 1 4 22
9 9 3 4 23
9 9 1 4 25
9 9 3 4 26
8 9 1 4 28
0 0 1 5 1
0 0 1 5 2
1 5 3 5 3
5 6 1 5 5
0 1 4 5 9
0 0 3 5 12
1 9 3 5 14
9 9 1 5 16
9 9 3 5 23
9 9 3 5 26
0 0 3 5 29
7 8 4 6 3
5 7 1 6 6
4 5 4 6 7
1 3 4 6 9
2 5 1 6 11
1 2 3 6 12
7 9 1 6 14
9 9 1 6 15
9 9 1 6 17
9 9 1 6 18
9 9 1 6 19
9 9 1 6 20
9 9 1 6 21
9 9 1 6 22
9 9 1 6 23
9 9 1 6 24
9 9 1 6 25
9 9 1 6 26
9 9 1 6 27
9 9 1 6 28
0 5 4 6 29
0 0 1 7 1
2 9 3 7 2
8 9 4 7 4
6 6 3 7 7
5 6 4 7 9
7 9 3 7 12
9 9 1 7 16
9 9 1 7 29
0 0 1 7 30
5 9 3 8 2
9 9 1 8 4
9 9 1 8 5
8 9 1 8 6
7 9 1 8 7
7 8 3 8 8
8 9 1 8 10
9 9 1 8 11
9 9 1 8 12
9 9 1 8 13
9 9 1 8 14
9 9 1 8 15
9 9 1 8 17
9 9 1 8 18
9 9 1 8 19
9 9 1 8 20
9 9 1 8 21
9 9 1 8 22
9 9 1 8 23
9 9 1 8 24
9 9 1 8 25
9 9 3 8 26
9 9 1 8 28
0 0 1 9 1
6 9 3 9 2
9 9 3 9 8
9 9 1 9 16
9 9 3 9 26
4 9 4 9 29
6 7 2 10 2
9 9 1 10 3
9 9 1 10 4
9 9 1 10 5
9 9 1 10 6
9 9 1 10 7
9 9 1 10 8
9 9 1 10 9
9 9 1 10 10
9 9 1 10 11
9 9 1 10 12
9 9 1 10 13
9 9 1 10 14
9 9 1 10 15
9 9 1 10 17
9 9 1 10 18
9 9 1 10 19
9 9 3 10 20
9 9 1 10 22
9 9 1 10 23
9 9 1 10 24
9 9 1 10 25
9 9 1 10 26
9 9 1 10 27
9 9 1 10 28
9 9 1 10 29
9 9 1 10 30
0 0 1 11 1
9 9 1 11 16
9 9 3 11 20
4 9 3 12 2
9 9 1 12 4
9 9 1 12 5
9 9 1 12 6
9 9 1 12 7
9 9 1 12 8
8 9 2 12 9
9 9 1 12 10
9 9 1 12 11
9 9 1 12 12
9 9 1 12 13
9 9 1 12 14
9 9 1 12 15
9 9 1 12 17
9 9 1 12 18
9 9 1 12 19
9 9 1 12 20
9 9 1 12 21
9 9 1 12 22
9 9 1 12 23
9 9 1 12 24
9 9 1 12 25
9 9 3 12 26
0 8 2 12 28
4 9 2 12 29
8 9 2 12 30
0 0 1 13 1
0 8 3 13 2
9 9 1 13 16
0 3 2 13 26
0 2 2 13 27
0 0 1 14 2
5 8 3 14 3
9 9 3 14 5
8 8 1 14 7
7 8 3 14 8
8 9 3 14 10
9 9 1 14 12
9 9 1 14 13
9 9 1 14 14
9 9 1 14 15
9 9 1 14 17
9 9 1 14 18
9 9 1 14 19
8 9 3 14 20
9 9 1 14 22
9 9 3 14 23
0 2 2 14 25
5 8 1 14 28
7 9 3 14 29
0 0 1 15 1
0 1 2 15 3
7 9 3 15 4
7 9 2 15 6
7 7 3 15 8
7 8 3 15 10
8 9 2 15 16
7 9 3 15 20
0 9 2 15 23
0 0 1 15 24
0 0 1 15 26
0 6 2 15 27
9 9 3 15 29
0 0 1 16 2
5 5 1 16 4
6 7 1 16 5
7 7 3 16 7
7 7 3 16 9
7 8 3 16 11
8 9 4 16 13
2 7 2 16 15
8 9 3 16 17
8 9 3 16 19
0 6 2 16 21
0 1 2 16 22
0 4 1 16 25
0 0 1 16 28
0 9 3 16 29
0 0 1 17 1
1 2 1 17 3
6 7 4 17 6
5 6 4 17 8
5 6 3 17 10
0 5 2 17 12
0 3 2 17 13
0 2 2 17 14
0 0 1 17 16
2 3 4 17 17
0 1 2 17 19
9 9 1 17 20
0 5 1 17 23
0 0 1 17 24
0 9 4 17 26
5 9 3 17 29
0 0 1 18 2
3 4 2 18 4
4 5 2 18 5
4 6 2 18 6
6 6 3 18 7
0 0 3 18 9
0 0 1 18 11
0 0 1 18 15
0 0 3 18 17
9 9 1 18 21
9 9 1 18 22
3 3 3 18 25
5 7 3 18 27
9 9 1 18 29
8 9 2 18 30
0 0 1 19 1
0 0 1 19 3
1 5 4 19 7
0 0 1 19 9
0 1 1 19 10
0 3 1 19 12
0 0 1 19 13
0 0 1 19 14
0 0 3 19 16
0 0 1 19 18
0 0 1 19 19
8 9 2 19 20
8 8 1 19 23
3 4 3 19 24
5 9 1 19 26
5 8 3 19 27
0 0 1 20 2
3 4 4 20 4
1 3 2 20 6
0 0 1 20 7
0 0 1 20 8
0 4 1 20 11
6 9 1 20 15
0 5 4 20 16
9 9 1 20 21
9 9 1 20 22
7 7 3 20 24
9 9 1 20 27
9 9 1 20 28
8 8 3 20 29
0 0 1 21 1
0 4 3 21 3
3 4 2 21 5
0 0 1 21 9
0 0 1 21 10
5 9 4 21 12
7 9 1 21 14
7 7 1 21 16
0 0 3 21 17
0 5 3 21 19
9 9 3 21 23
8 9 3 21 25
9 9 3 21 29
0 0 3 22 2
0 2 2 22 4
0 3 4 22 6
0 4 1 22 8
2 5 3 22 11
8 9 1 22 13
9 9 1 22 15
1 2 4 22 17
2 4 3 22 19
8 9 3 22 21
9 9 1 22 23
8 9 2 22 24
9 9 1 22 25
9 9 1 22 26
9 9 1 22 27
9 9 1 22 28
8 9 2 22 29
8 9 2 22 30
0 0 1 23 1
0 0 1 23 2
0 0 1 23 3
1 3 2 23 5
5 5 3 23 6
4 4 3 23 9
3 6 3 23 11
9 9 1 23 14
4 6 4 23 16
3 3 1 23 18
3 3 3 23 19
5 9 3 23 21
0 0 1 24 4
5 6 3 24 6
7 7 3 24 8
6 7 3 24 10
8 9 3 24 12
8 9 4 24 15
3 3 1 24 17
3 3 1 24 19
3 4 4 24 20
6 9 2 24 22
8 8 1 24 23
7 8 2 24 24
9 9 1 24 25
9 9 1 24 26
9 9 1 24 27
9 9 1 24 28
8 8 1 24 29
6 7 2 24 30
0 0 1 25 1
0 0 1 25 2
0 0 1 25 3
0 2 3 25 5
6 6 3 25 7
7 7 3 25 9
7 8 2 25 11
9 9 3 25 12
9 9 3 25 14
8 8 1 25 16
2 3 2 25 18
0 2 2 25 20
0 1 2 25 21
0 0 3 26 4
0 2 3 26 6
1 5 2 26 8
6 7 3 26 9
7 8 2 26 12
9 9 1 26 13
8 9 1 26 14
8 8 1 26 15
5 6 1 26 17
0 2 2 26 19
5 6 1 26 22
8 9 1 26 23
7 7 3 26 24
9 9 1 26 26
8 9 2 26 27
9 9 1 26 28
8 8 1 26 29
7 7 1 26 30
0 0 1 27 1
0 0 1 27 2
0 0 1 27 3
0 0 1 27 4
0 0 1 27 5
0 0 1 27 6
0 0 1 27 7
2 5 2 27 9
6 6 3 27 10
8 8 1 27 16
0 0 1 27 18
0 2 1 27 20
1 1 1 27 21
7 9 4 27 24
0 0 1 28 8
5 5 3 28 10
4 5 2 28 12
8 9 3 28 13
9 9 1 28 15
5 6 2 28 17
0 1 2 28 19
0 5 2 28 22
0 8 2 28 23
7 9 2 28 24
7 9 3 28 25
9 9 1 28 27
8 9 1 28 28
8 8 3 28 29
0 2 4 29 1
0 0 1 29 3
0 0 1 29 4
0 0 1 29 5
0 0 1 29 6
0 0 1 29 7
0 0 1 29 9
1 2 3 29 10
6 9 3 29 13
8 9 1 29 16
0 0 1 29 18
0 0 1 29 20
0 0 1 29 21
9 9 3 29 25
8 8 3 29 29
0 4 4 30 1
0 0 1 30 8
0 0 3 30 10
3 5 3 30 12
7 9 3 30 14
7 8 2 30 17
0 4 1 30 19
8 9 1 30 22
8 9 2 30 23
8 9 4 30 24
9 9 1 30 26
9 9 1 30 27
8 9 4 30 28
8 9 1 30 30
0 0 1 31 1
0 0 1 31 2
0 8 4 31 3
0 0 1 31 5
0 0 1 31 6
0 0 1 31 7
0 0 3 31 9
0 1 3 31 11
4 6 3 31 13
7 8 4 31 15
6 6 1 31 18
3 5 3 31 20
9 9 3 31 24
8 8 3 31 28
0 9 3 32 3
0 1 3 32 8
2 3 1 32 10
1 2 3 32 11
4 4 1 32 13
6 6 1 32 14
4 6 2 32 15
5 5 1 32 16
4 6 2 32 17
4 5 4 32 19
7 8 1 32 21
9 9 1 32 22
8 9 1 32 23
8 9 2 32 24
9 9 3 32 25
5 9 2 32 27
8 8 3 32 28
9 9 1 32 30
0 0 1 33 1
0 0 1 33 2
0 0 1 33 3
0 0 1 33 4
0 9 4 33 5
1 1 3 33 7
1 1 1 33 9
2 3 4 33 11
1 4 2 33 18
6 6 3 33 19
0 2 4 33 25
5 8 3 33 28
7 8 4 34 5
1 1 3 34 7
3 4 1 34 10
4 4 1 34 11
2 4 3 34 12
4 4 1 34 14
3 3 1 34 15
5 6 3 34 16
0 7 2 34 19
0 5 2 34 20
0 0 3 34 21
3 4 3 34 23
6 8 3 34 25
9 9 1 34 27
9 9 1 34 28
9 9 3 34 29
0 0 1 35 1
0 0 1 35 2
0 0 1 35 3
0 0 1 35 4
0 0 1 35 5
0 7 4 35 6
0 0 1 35 8
0 2 2 35 9
3 5 3 35 12
5 7 3 35 16
0 6 1 35 18
6 9 3 35 21
9 9 3 35 23
9 9 3 35 25
8 9 4 35 29
0 0 1 36 6
0 0 1 36 7
1 3 3 36 10
2 4 3 36 12
5 5 3 36 14
6 9 3 36 16
6 7 3 36 19
5 7 2 36 21
7 9 2 36 22
6 9 2 36 23
7 9 2 36 24
9 9 1 36 25
9 9 1 36 26
9 9 3 36 27
9 9 1 36 29
7 8 1 36 30
0 0 1 37 1
0 0 1 37 2
0 0 1 37 3
0 0 1 37 4
0 0 1 37 5
0 0 1 37 8
0 0 1 37 9
0 0 1 37 10
0 0 1 37 11
1 2 2 37 12
0 1 2 37 13
4 7 3 37 14
8 8 3 37 16
7 7 1 37 18
6 7 4 37 19
9 9 3 37 27
0 0 3 38 6
0 4 3 38 14
7 7 3 38 16
6 8 1 38 19
5 6 4 38 20
6 6 3 38 22
9 9 1 38 24
9 9 1 38 25
9 9 3 38 26
9 9 1 38 28
9 9 1 38 29
5 6 2 38 30
0 0 1 39 1
0 0 1 39 2
0 0 1 39 3
0 0 1 39 4
0 0 1 39 5
0 3 3 39 6
0 0 1 39 8
0 0 1 39 9
0 0 1 39 10
0 0 1 39 11
0 1 4 39 12
0 1 1 39 14
2 5 3 39 15
7 7 3 39 17
9 9 3 39 20
9 9 3 39 22
9 9 3 39 26
0 2 4 40 6
0 1 3 40 12
1 4 3 40 15
5 6 2 40 17
8 9 2 40 18
9 9 1 40 19
9 9 1 40 20
9 9 1 40 21
9 9 1 40 22
9 9 1 40 23
9 9 1 40 24
9 9 3 40 25
9 9 1 40 27
9 9 1 40 28
0 8 4 40 29
0 0 1 41 1
0 0 1 41 2
0 0 1 41 3
0 0 1 41 4
0 0 1 41 5
0 0 1 41 6
0 0 1 41 7
0 0 1 41 8
0 0 1 41 9
0 0 1 41 10
0 0 1 41 11
0 0 1 41 12
0 0 1 41 13
0 0 1 41 14
0 0 1 41 15
0 2 2 41 16
9 9 3 41 25
0 2 2 41 29
0 0 1 41 30
0 5 3 42 17
0 7 2 42 19
5 8 2 42 20
7 9 3 42 21
9 9 3 42 23
6 9 2 42 25
9 9 3 42 26
0 8 2 42 28
0 0 1 43 1
0 0 1 43 2
0 6 3 43 3
0 0 1 43 5
0 0 1 43 6
0 0 1 43 7
0 0 1 43 8
0 0 1 43 9
0 0 1 43 10
0 0 1 43 11
0 0 1 43 12
0 0 1 43 13
0 0 1 43 14
0 0 1 43 15
0 0 1 43 16
0 0 1 43 17
0 0 1 43 18
4 5 3 43 21
6 9 3 43 23
3 6 4 43 26
0 0 1 43 29
0 0 1 43 30
0 7 4 44 3
0 0 3 44 19
0 0 3 44 21
0 0 3 44 23
0 9 3 44 25
0 0 3 44 27
