40 33
4 7 1 1 1
4 4 1 1 2
3 6 1 1 3
4 4 1 1 4
4 5 1 1 5
3 5 1 1 6
3 5 1 1 7
3 4 3 1 8
2 5 1 1 10
3 3 1 1 11
3 4 3 1 12
3 3 3 1 14
3 5 1 1 16
3 4 3 1 17
4 4 1 1 19
2 6 3 1 20
3 5 1 1 22
2 6 1 1 23
4 5 1 1 24
2 7 1 1 25
2 8 1 1 26
2 5 1 1 27
2 6 4 1 28
3 3 3 1 30
4 5 2 1 32
4 5 1 1 33
5 5 3 2 8
3 5 1 2 12
2 6 1 2 13
3 6 3 2 14
4 4 3 2 17
3 4 2 2 20
4 4 1 2 21
2 7 1 2 28
4 4 1 2 29
3 3 1 2 30
3 3 1 2 31
6 6 1 3 1
3 6 3 3 2
4 5 1 3 4
4 5 3 3 5
3 7 1 3 7
4 4 3 3 8
4 6 1 3 10
4 6 1 3 11
3 7 1 3 14
4 6 1 3 15
4 6 1 3 16
5 5 1 3 17
4 7 1 3 18
2 8 1 3 19
4 5 3 3 22
6 6 3 3 24
5 6 3 3 26
3 3 3 3 32
4 6 3 4 2
4 7 3 4 5
3 6 1 4 8
4 7 1 4 9
5 6 3 4 12
4 7 1 4 20
4 4 3 4 21
5 5 3 4 23
5 8 2 4 25
5 8 1 4 26
6 8 1 4 27
3 8 1 4 28
2 6 4 4 29
1 8 1 4 31
3 4 3 4 32
5 6 3 5 1
5 5 3 5 3
6 7 1 5 5
5 6 3 5 6
5 5 3 5 10
5 5 1 5 12
4 8 4 5 13
5 6 4 5 15
5 7 1 5 17
5 8 1 5 18
5 9 1 5 19
6 9 1 5 21
4 9 1 5 22
4 9 3 5 23
4 7 4 5 29
4 9 1 5 32
5 9 1 5 33
6 7 1 6 1
4 8 1 6 2
5 8 3 6 3
5 9 4 6 6
4 7 1 6 8
3 8 1 6 9
2 8 1 6 10
5 8 1 6 11
5 7 1 6 13
4 8 1 6 14
4 9 1 6 15
5 9 1 6 16
9 9 1 6 20
5 9 1 6 23
5 7 3 6 24
5 7 2 6 26
6 7 2 6 27
4 7 4 6 28
2 6 2 6 30
0 9 2 6 31
7 8 3 7 3
5 7 2 7 5
5 7 1 7 6
5 9 1 7 7
8 9 1 7 12
8 9 2 7 17
6 9 2 7 18
6 9 2 7 19
9 9 3 7 21
6 6 1 7 24
3 9 2 7 25
3 7 4 7 28
0 5 2 7 32
0 8 2 7 33
5 8 3 8 1
5 8 4 8 3
9 9 1 8 8
9 9 3 8 9
6 9 2 8 11
4 9 2 8 13
7 7 1 8 14
8 8 3 8 15
2 9 2 8 20
1 9 2 8 21
1 8 2 8 22
3 7 2 8 23
4 5 1 8 26
4 6 1 8 27
5 6 3 8 28
2 6 4 8 30
3 7 3 9 1
6 9 1 9 3
6 9 1 9 4
7 9 1 9 5
6 9 2 9 6
7 9 2 9 7
5 9 2 9 9
4 9 2 9 10
1 9 2 9 12
3 8 2 9 15
3 8 2 9 16
2 7 2 9 17
2 8 2 9 18
1 5 2 9 19
1 8 4 9 24
6 6 3 9 28
6 6 1 9 30
1 7 4 9 31
0 5 1 9 33
4 8 3 10 1
2 9 2 10 8
1 6 2 10 11
1 5 2 10 13
1 5 2 10 14
0 3 4 10 20
1 1 1 10 22
1 5 3 10 23
5 5 1 10 25
4 9 3 10 26
5 7 1 10 28
6 8 1 10 29
1 7 4 10 31
6 9 3 11 1
9 9 1 11 3
7 9 2 11 4
7 9 2 11 5
4 8 4 11 6
1 4 2 11 9
0 3 2 11 10
0 3 2 11 12
0 4 2 11 15
1 3 2 11 16
1 3 2 11 17
1 2 4 11 18
0 1 2 11 20
0 2 2 11 21
0 5 3 11 23
3 9 3 11 26
5 7 1 11 30
6 8 1 11 31
2 4 4 11 32
4 8 3 12 1
2 6 4 12 6
0 3 2 12 8
1 1 1 12 11
1 3 3 12 13
1 2 3 12 18
0 2 2 12 22
0 4 3 12 23
4 4 1 12 25
4 7 3 12 26
7 7 3 12 28
0 7 4 12 32
5 6 2 13 1
8 8 1 13 2
6 7 3 13 3
2 5 4 13 5
1 1 1 13 7
1 1 3 13 9
0 1 2 13 12
0 2 2 13 13
0 1 2 13 14
1 1 3 13 15
1 2 3 13 17
0 2 4 13 19
0 0 1 13 21
0 5 3 13 23
5 6 1 13 26
2 8 1 13 27
7 7 3 13 28
5 7 4 13 30
0 6 4 13 32
7 7 1 14 3
1 9 4 14 4
1 2 1 14 6
0 2 2 14 8
0 2 4 14 9
0 3 2 14 11
0 0 1 14 15
0 1 1 14 16
0 0 1 14 17
0 0 3 14 18
0 0 1 14 20
0 2 3 14 22
1 7 3 14 24
8 8 3 14 28
5 8 4 14 30
0 7 4 14 32
5 6 3 15 1
0 9 4 15 4
0 2 2 15 7
0 0 3 15 9
0 0 1 15 12
0 0 3 15 13
0 1 3 15 18
0 0 3 15 21
1 3 3 15 23
2 8 3 15 25
8 8 3 15 27
6 7 1 15 29
6 8 3 15 30
3 8 4 15 32
5 8 4 16 1
6 7 1 16 3
0 9 4 16 4
0 1 1 16 6
1 1 3 16 8
0 0 3 16 10
0 2 1 16 13
0 1 1 16 14
0 5 1 16 15
0 8 1 16 16
0 9 1 16 17
0 8 1 16 18
0 7 1 16 19
0 6 1 16 20
0 6 1 16 21
0 6 1 16 22
0 8 1 16 23
0 6 1 16 24
1 5 1 16 25
2 7 3 16 26
5 8 1 16 28
7 7 3 16 30
2 9 2 16 32
3 7 2 16 33
8 9 4 17 1
0 9 4 17 4
0 1 3 17 7
0 1 4 17 9
0 2 1 17 11
1 1 1 17 12
6 8 3 17 26
5 8 3 17 29
1 9 2 17 31
9 9 1 18 1
6 9 4 18 2
0 9 4 18 4
0 5 1 18 6
0 8 1 18 7
1 7 1 18 8
1 8 1 18 9
1 5 1 18 10
0 4 3 18 13
6 6 3 18 15
5 7 2 18 17
3 9 2 18 18
2 9 2 18 19
3 8 2 18 20
4 9 2 18 21
8 9 2 18 22
5 9 4 18 23
5 6 3 18 25
8 8 3 18 27
8 8 1 18 29
3 9 2 18 30
3 3 1 18 32
2 7 1 18 33
5 9 2 19 2
4 9 2 19 3
2 9 4 19 4
0 5 4 19 11
1 8 1 19 13
3 9 1 19 14
5 7 2 19 15
4 8 2 19 16
3 9 4 19 23
1 6 2 19 25
3 8 3 19 26
5 9 2 19 28
3 5 2 19 31
8 9 1 20 1
4 9 1 20 4
4 5 3 20 5
4 6 3 20 7
6 6 3 20 9
5 9 1 20 11
1 9 1 20 12
5 5 1 20 17
4 8 2 20 18
3 8 2 20 19
4 6 2 20 20
2 7 2 20 21
2 7 2 20 22
2 9 4 20 23
1 6 3 20 26
1 7 4 20 29
0 7 3 20 32
7 9 3 21 2
2 8 4 21 5
4 6 3 21 7
4 9 3 21 9
0 9 2 21 13
3 9 4 21 14
2 5 2 21 16
0 9 4 21 23
1 1 3 21 25
1 8 3 21 27
0 5 2 21 29
1 7 3 21 30
1 6 4 21 32
9 9 1 22 1
7 9 4 22 2
3 8 2 22 4
4 5 3 22 5
4 8 2 22 7
3 8 2 22 8
6 6 3 22 9
1 9 4 22 11
1 9 2 22 14
5 8 1 22 15
1 5 2 22 17
0 4 2 22 18
0 7 2 22 19
0 5 2 22 20
0 4 2 22 21
1 8 3 22 22
1 3 4 22 24
1 3 3 22 26
0 6 2 22 28
0 8 3 22 30
1 7 2 22 32
2 4 1 22 33
5 9 4 23 2
4 5 1 23 5
2 6 2 23 6
1 8 2 23 9
1 6 2 23 10
0 9 4 23 11
0 1 1 23 13
3 5 2 23 16
0 5 1 23 22
0 8 4 23 23
1 3 2 23 25
1 2 3 23 26
0 3 3 23 29
0 3 2 23 31
9 9 3 24 1
2 7 4 24 3
0 4 2 24 7
0 6 2 24 8
0 6 4 24 11
0 7 3 24 14
1 6 1 24 17
1 1 3 24 18
0 4 1 24 20
0 6 1 24 21
2 4 4 24 23
1 2 2 24 26
1 2 1 24 27
1 3 3 24 28
2 3 1 24 30
0 6 3 24 32
8 9 3 25 1
3 8 4 25 3
0 7 4 25 5
0 3 3 25 9
0 5 4 25 11
0 1 1 25 13
0 2 2 25 14
0 8 3 25 15
2 9 1 25 18
2 9 1 25 19
1 4 4 25 22
2 2 1 25 24
2 3 1 25 25
1 3 3 25 28
2 2 1 25 31
0 7 3 25 32
8 9 3 26 1
4 9 4 26 3
2 6 4 26 5
0 4 3 26 7
1 7 1 26 9
0 7 4 26 10
0 0 1 26 12
0 2 2 26 15
0 7 3 26 16
3 7 4 26 20
1 4 4 26 22
0 4 2 26 26
1 1 1 26 27
1 4 3 26 28
2 4 2 26 30
4 4 3 26 32
7 7 1 27 1
7 7 1 27 2
7 9 2 27 3
3 9 4 27 4
3 3 3 27 6
2 6 1 27 8
0 7 4 27 10
0 0 3 27 13
0 8 1 27 16
0 8 3 27 17
3 7 2 27 19
3 7 4 27 20
1 4 4 27 22
2 3 3 27 24
1 3 3 27 28
1 8 3 27 31
5 6 1 27 33
7 9 2 28 4
1 9 4 28 5
2 4 2 28 7
2 8 4 28 9
0 4 1 28 11
0 5 1 28 12
0 6 1 28 13
1 8 1 28 14
1 9 1 28 15
4 7 4 28 17
5 5 3 28 20
1 6 4 28 22
2 3 1 28 24
2 3 1 28 25
2 2 3 28 26
1 1 1 28 28
1 2 1 28 29
1 1 1 28 30
0 6 3 28 31
6 8 1 29 1
7 8 3 29 2
3 9 4 29 5
3 5 1 29 8
2 5 4 29 9
3 6 2 29 16
1 5 2 29 17
3 4 3 29 18
3 7 3 29 20
3 6 4 29 22
2 2 1 29 26
0 3 1 29 27
1 2 2 29 31
0 8 3 29 32
6 7 3 30 2
7 7 3 30 4
2 9 4 30 6
4 6 1 30 9
4 5 4 30 10
2 5 2 30 12
2 8 2 30 13
3 8 2 30 14
2 7 2 30 15
1 5 1 30 18
1 7 1 30 19
2 9 1 30 20
4 4 3 30 21
1 7 4 30 23
2 4 1 30 25
2 2 3 30 28
1 2 1 30 30
0 7 3 30 32
6 8 3 31 1
7 8 3 31 3
8 8 1 31 5
3 9 4 31 6
2 5 2 31 8
1 6 4 31 10
3 5 3 31 16
4 4 3 31 21
2 5 4 31 23
2 2 3 31 26
1 3 4 31 28
1 2 3 31 31
0 4 2 31 33
6 8 1 32 1
7 7 3 32 2
7 8 1 32 4
4 8 4 32 6
5 5 1 32 9
5 5 1 32 10
0 9 1 32 11
1 9 1 32 12
6 6 1 32 13
4 6 2 32 14
4 8 2 32 15
0 9 2 32 16
1 7 2 32 17
2 7 2 32 18
3 7 2 32 19
1 9 2 32 20
3 6 2 32 21
3 6 4 32 22
3 4 1 32 24
1 5 4 32 25
2 3 1 32 27
2 2 1 32 28
1 3 4 32 29
1 2 3 32 31
7 8 1 33 2
7 8 1 33 3
7 8 3 33 5
1 9 4 33 7
3 4 3 33 22
1 4 4 33 25
2 4 1 33 29
2 3 1 33 30
0 4 1 33 31
0 1 4 33 32
8 8 1 34 1
7 8 1 34 4
7 8 1 34 5
6 9 1 34 6
8 9 2 34 7
2 7 4 34 8
3 4 3 34 10
1 8 2 34 12
3 6 4 34 13
2 6 3 34 15
2 7 2 34 17
2 5 2 34 18
1 4 4 34 19
3 3 1 34 21
3 4 4 34 22
3 4 2 34 24
1 5 4 34 25
2 3 3 34 27
0 8 1 34 32
0 9 1 34 33
7 7 1 35 2
7 7 1 35 3
2 9 4 35 8
1 4 4 35 10
3 6 2 35 13
5 5 3 35 14
3 5 1 35 16
3 3 1 35 19
2 4 1 35 20
3 4 1 35 22
2 3 2 35 23
2 3 4 35 25
3 3 3 35 27
3 5 1 35 29
2 5 1 35 30
2 9 1 35 31
7 8 1 36 1
6 8 3 36 4
8 9 4 36 6
8 8 1 36 8
2 8 4 36 9
1 4 4 36 11
2 5 1 36 14
2 8 1 36 15
3 5 4 36 17
1 4 2 36 21
1 4 3 36 24
3 6 1 36 26
4 6 1 36 27
3 7 1 36 28
6 7 3 36 32
7 8 3 37 2
7 9 3 37 4
6 9 4 37 6
5 6 1 37 9
3 6 4 37 10
2 4 3 37 12
4 7 4 37 16
3 3 3 37 18
2 2 1 37 20
2 2 3 37 22
2 4 1 37 24
2 5 1 37 25
4 8 1 37 29
8 8 1 37 30
6 6 3 37 31
8 8 1 37 33
7 7 1 38 1
6 7 1 38 2
8 9 3 38 3
9 9 3 38 5
6 8 4 38 7
2 8 4 38 10
2 4 3 38 12
1 6 2 38 14
1 6 2 38 15
1 6 2 38 16
1 6 2 38 17
1 5 4 38 18
2 2 3 38 21
1 4 1 38 23
6 7 1 38 26
5 7 3 38 27
6 8 3 38 31
8 9 3 39 3
7 9 4 39 5
4 7 1 39 7
6 8 1 39 8
6 6 1 39 9
6 6 1 39 10
1 8 4 39 11
2 2 1 39 13
2 3 3 39 18
2 2 1 39 20
2 3 1 39 21
2 4 1 39 22
3 9 3 39 24
7 9 1 39 27
9 9 1 39 28
9 9 1 39 29
7 9 1 39 30
7 8 1 39 31
6 7 1 39 32
6 7 1 39 33
8 8 3 40 1
8 9 3 40 3
6 9 4 40 5
1 7 4 40 11
0 3 4 40 14
0 3 3 40 16
0 3 4 40 18
3 9 3 40 23
9 9 3 40 25
