40 33
3 6 2 1 1
4 5 3 1 2
4 5 1 1 4
4 5 1 1 5
4 7 2 1 6
5 6 3 1 7
5 6 3 1 9
5 6 3 1 11
5 6 1 1 13
6 6 3 1 14
4 6 2 1 16
3 7 2 1 17
5 5 3 1 18
4 7 4 1 20
5 6 3 1 22
4 5 1 1 24
2 7 2 1 25
2 7 2 1 26
4 7 2 1 27
4 6 3 1 28
6 6 1 1 30
5 6 1 1 31
4 5 3 1 32
3 6 4 2 2
5 5 1 2 7
5 5 3 2 8
4 6 3 2 10
4 6 2 2 12
4 7 4 2 14
4 4 3 2 18
3 6 1 2 20
4 4 1 2 21
4 4 3 2 22
1 7 2 2 28
5 6 1 2 29
5 6 1 2 32
4 6 1 2 33
3 5 3 3 1
4 5 3 3 3
4 5 1 3 5
2 5 2 3 6
5 5 3 3 8
2 5 2 3 10
3 5 2 3 11
2 6 2 3 13
3 5 2 3 14
2 6 2 3 15
2 6 2 3 16
3 5 2 3 17
3 6 2 3 18
1 7 2 3 19
4 5 1 3 22
3 6 2 3 23
3 3 1 3 24
2 3 2 3 25
3 3 3 3 26
6 6 3 3 30
3 3 1 4 1
2 6 4 4 2
2 5 2 4 4
2 5 3 4 7
4 5 2 4 9
3 4 2 4 12
4 4 3 4 20
2 4 2 4 26
1 5 2 4 27
1 5 2 4 28
2 5 2 4 29
4 6 2 4 30
2 6 2 4 31
5 6 3 4 32
4 4 3 5 2
2 3 2 5 5
2 3 2 5 6
3 4 1 5 7
2 6 1 5 8
3 4 3 5 10
1 5 3 5 13
3 4 3 5 15
1 3 2 5 17
1 4 2 5 18
0 4 2 5 19
0 5 2 5 20
0 5 2 5 21
0 4 2 5 22
0 6 4 5 23
2 4 2 5 25
0 5 2 5 32
0 5 2 5 33
0 4 3 6 1
0 4 2 6 3
1 2 1 6 4
0 6 2 6 9
1 6 2 6 10
3 3 3 6 11
1 4 2 6 13
1 4 2 6 14
0 4 2 6 15
0 5 2 6 16
3 3 3 6 23
2 4 1 6 26
1 3 1 6 27
2 5 3 6 28
3 7 1 6 30
0 9 1 6 31
0 3 1 7 1
2 3 1 7 2
2 3 1 7 5
2 4 2 7 6
0 4 2 7 7
0 4 2 7 8
0 1 2 7 11
0 2 2 7 12
0 1 1 7 17
0 3 1 7 18
0 1 1 7 19
0 0 3 7 20
0 0 3 7 22
3 3 1 7 24
1 5 1 7 25
3 5 3 7 28
4 9 1 7 32
1 9 1 7 33
1 4 3 8 3
0 0 3 8 9
0 4 1 8 13
2 2 1 8 14
1 3 3 8 15
1 6 1 8 20
0 8 1 8 21
2 8 1 8 22
2 6 1 8 23
5 5 1 8 26
2 6 4 8 27
3 3 1 8 29
2 8 3 8 30
3 6 4 9 1
0 3 2 9 3
0 2 2 9 4
0 3 2 9 5
0 3 1 9 6
0 0 3 9 7
0 4 1 9 9
0 6 1 9 10
1 6 1 9 11
0 7 1 9 12
2 2 3 9 15
1 7 1 9 17
1 7 1 9 18
4 8 1 9 19
1 7 3 9 24
3 4 3 9 27
4 4 1 9 30
1 8 3 9 31
4 9 2 9 33
1 6 4 10 1
1 6 1 10 7
0 8 1 10 8
3 8 1 10 13
4 7 1 10 14
3 8 1 10 15
2 8 1 10 16
6 8 3 10 20
8 8 1 10 22
4 8 4 10 23
5 5 1 10 25
1 5 4 10 26
1 3 2 10 28
2 3 2 10 29
1 7 3 10 31
0 3 4 11 1
0 0 3 11 3
0 2 3 11 5
5 9 1 11 9
6 9 1 11 10
6 9 1 11 11
6 8 1 11 12
6 8 3 11 17
7 8 4 11 19
7 9 1 11 21
5 9 4 11 23
1 6 4 11 26
1 4 2 11 30
1 4 2 11 31
4 8 3 11 32
1 5 4 12 1
0 2 1 12 3
2 2 1 12 4
1 6 1 12 5
3 7 3 12 6
6 9 1 12 8
6 8 4 12 13
7 8 3 12 15
7 8 3 12 17
7 9 3 12 19
8 9 1 12 22
4 9 4 12 23
5 5 3 12 25
2 4 4 12 27
1 3 1 12 29
2 9 3 12 32
1 4 4 13 1
5 9 1 13 6
8 8 1 13 7
7 7 3 13 9
8 8 3 13 11
7 9 1 13 13
7 8 4 13 14
6 9 1 13 16
7 9 1 13 17
7 9 1 13 18
7 9 3 13 19
8 9 1 13 21
4 9 4 13 23
2 5 4 13 25
1 5 4 13 27
1 4 3 13 30
3 9 3 13 32
3 3 1 14 1
2 2 3 14 2
1 7 3 14 4
7 9 1 14 8
7 8 3 14 9
6 9 3 14 11
8 9 3 14 14
9 9 1 14 19
9 9 1 14 20
7 9 4 14 22
3 8 4 14 24
2 4 4 14 26
2 2 3 14 28
1 2 2 14 30
2 4 2 14 31
3 9 3 14 32
1 5 4 15 2
0 9 3 15 4
7 9 1 15 6
7 9 1 15 7
9 9 1 15 9
9 9 3 15 10
8 9 3 15 12
8 9 1 15 14
9 9 3 15 15
9 9 3 15 17
9 9 3 15 21
6 9 4 15 23
2 7 4 15 25
2 4 1 15 27
2 2 3 15 28
0 6 3 15 32
2 4 3 16 1
1 2 1 16 3
0 9 3 16 4
8 9 1 16 8
9 9 3 16 10
7 9 2 16 12
8 9 2 16 13
4 9 2 16 15
1 9 2 16 16
0 9 2 16 17
1 9 2 16 18
3 9 2 16 19
2 9 2 16 20
3 9 2 16 21
2 9 2 16 22
1 9 2 16 23
3 9 2 16 24
3 8 2 16 25
1 7 2 16 26
1 3 2 16 28
2 4 1 16 29
2 2 3 16 30
0 7 1 16 32
3 6 1 16 33
0 0 1 17 1
0 3 2 17 2
0 9 3 17 4
9 9 3 17 6
8 9 3 17 9
8 9 2 17 11
4 9 2 17 14
2 2 1 17 27
2 3 1 17 30
0 8 1 17 31
0 2 2 18 3
0 8 3 18 4
4 9 2 18 6
1 9 2 18 7
2 8 2 18 8
1 8 2 18 9
4 8 2 18 10
8 8 3 18 12
3 4 3 18 15
1 4 1 18 17
1 5 1 18 18
0 8 1 18 19
0 6 1 18 20
0 7 1 18 21
0 3 1 18 22
0 5 3 18 23
3 4 3 18 25
1 1 3 18 28
6 6 1 18 32
2 8 2 18 33
0 2 1 19 1
0 5 1 19 2
0 7 3 19 4
4 9 3 19 11
1 8 2 19 13
1 6 4 19 14
2 5 1 19 16
0 6 3 19 23
3 8 1 19 25
0 6 4 19 26
0 5 1 19 28
1 6 3 19 29
3 6 1 19 31
0 5 2 20 3
0 4 2 20 4
4 5 3 20 5
3 5 4 20 7
3 4 4 20 9
0 4 2 20 11
0 8 2 20 12
0 4 3 20 14
3 3 1 20 17
0 6 1 20 18
2 5 1 20 19
2 6 1 20 20
2 7 1 20 21
2 7 1 20 22
0 7 3 20 23
4 8 4 20 26
2 6 3 20 29
3 9 2 20 32
4 8 1 20 33
0 1 3 21 1
2 5 1 21 5
1 7 2 21 6
2 6 4 21 7
3 4 1 21 9
1 3 1 21 10
0 9 1 21 13
0 6 3 21 14
3 7 1 21 16
0 9 3 21 23
8 8 3 21 25
1 8 4 21 27
5 9 1 21 29
2 7 4 21 30
0 0 1 22 1
0 3 3 22 2
1 7 1 22 4
1 6 1 22 7
0 6 1 22 8
0 9 3 22 11
2 4 3 22 14
5 8 1 22 17
5 9 1 22 18
3 9 1 22 19
5 9 1 22 20
4 9 1 22 21
1 8 4 22 22
6 8 3 22 24
5 9 4 22 26
2 9 1 22 28
2 9 4 22 30
4 7 3 22 32
0 5 3 23 2
4 5 3 23 5
2 8 1 23 9
3 8 1 23 10
0 9 3 23 11
8 9 1 23 13
0 8 4 23 14
3 7 1 23 16
4 9 2 23 22
1 9 3 23 23
6 9 3 23 25
7 8 1 23 27
6 8 2 23 29
7 7 3 23 30
5 8 4 23 32
0 2 1 24 1
0 0 1 24 2
2 7 3 24 3
2 8 3 24 5
5 8 1 24 7
2 9 1 24 8
3 9 3 24 11
2 9 4 24 14
3 8 2 24 17
7 8 3 24 18
4 9 2 24 20
3 9 2 24 21
5 7 1 24 23
6 6 1 24 24
6 8 2 24 25
7 7 1 24 26
8 8 1 24 28
6 9 3 24 30
2 9 4 24 32
1 5 3 25 3
2 9 3 25 5
6 9 4 25 9
5 9 3 25 11
7 9 4 25 13
2 9 4 25 15
0 8 2 25 18
0 8 2 25 19
6 6 1 25 22
8 8 1 25 27
5 7 4 25 29
6 7 1 25 31
2 9 4 25 32
0 1 4 26 1
0 6 3 26 3
4 8 3 26 5
6 8 4 26 7
1 8 2 26 9
3 9 3 26 10
9 9 3 26 12
9 9 1 26 14
8 9 1 26 15
2 9 4 26 16
3 5 3 26 20
7 7 3 26 23
6 7 1 26 25
5 9 1 26 26
6 9 4 26 28
5 7 1 26 30
4 4 3 26 32
2 3 3 27 1
0 2 1 27 3
0 5 3 27 4
6 6 3 27 6
4 7 2 27 8
1 9 3 27 10
9 9 3 27 12
1 9 2 27 16
1 9 2 27 17
3 4 3 27 18
2 5 3 27 20
5 8 3 27 22
7 7 1 27 24
8 8 1 27 27
7 8 2 27 28
5 9 1 27 29
2 8 4 27 31
4 4 1 27 33
1 1 3 28 1
0 2 1 28 4
0 9 3 28 5
5 7 1 28 7
2 7 3 28 9
4 9 2 28 11
5 9 2 28 12
3 9 2 28 13
1 8 2 28 14
1 8 2 28 15
3 6 1 28 18
3 7 1 28 19
2 5 1 28 20
4 4 1 28 21
3 8 3 28 22
6 9 3 28 25
7 8 1 28 30
3 9 4 28 31
1 2 3 29 1
2 2 1 29 3
0 7 3 29 5
3 7 2 29 8
3 6 3 29 9
3 5 3 29 16
4 7 3 29 22
6 7 3 29 24
7 7 1 29 26
7 8 3 29 27
7 8 1 29 29
8 8 1 29 31
1 9 4 29 32
1 2 1 30 1
1 2 1 30 2
1 3 3 30 4
0 8 3 30 6
3 6 2 30 9
3 7 3 30 10
3 7 1 30 12
2 7 1 30 13
0 5 1 30 14
1 7 3 30 15
4 8 2 30 17
3 8 2 30 18
1 8 2 30 19
0 7 2 30 20
4 5 1 30 21
5 5 1 30 22
3 8 3 30 23
5 8 2 30 25
6 8 3 30 27
7 8 1 30 30
1 9 4 30 32
1 3 3 31 3
1 1 1 31 5
0 6 3 31 6
4 7 1 31 8
4 8 3 31 10
0 7 2 31 15
0 7 2 31 16
3 6 1 31 23
6 6 1 31 24
7 7 3 31 26
6 8 3 31 28
8 8 3 31 31
6 9 1 31 33
2 3 3 32 1
2 2 3 32 3
1 6 3 32 6
5 5 3 32 9
0 9 2 32 11
0 7 2 32 12
3 3 3 32 13
1 8 1 32 17
2 7 1 32 18
3 5 1 32 19
0 8 1 32 20
3 7 1 32 21
4 6 1 32 22
5 8 3 32 25
6 7 3 32 27
5 9 3 32 29
8 8 3 32 31
2 2 1 33 1
1 1 1 33 2
2 2 3 33 3
1 2 2 33 5
1 2 1 33 6
0 7 3 33 7
4 4 3 33 9
3 4 1 33 13
3 7 1 33 14
4 8 3 33 15
5 6 1 33 23
6 6 1 33 24
5 5 1 33 25
7 7 1 33 26
6 7 1 33 27
5 8 2 33 28
5 7 2 33 29
6 7 1 33 30
6 8 2 33 31
8 9 3 33 32
1 1 3 34 3
0 1 1 34 7
2 8 3 34 8
5 6 1 34 10
5 7 1 34 11
1 8 1 34 12
4 7 2 34 15
4 7 1 34 16
2 8 1 34 17
4 7 1 34 18
5 7 3 34 19
4 6 4 34 21
1 9 2 34 32
0 9 2 34 33
2 3 3 35 1
3 3 3 35 3
0 1 4 35 5
0 8 3 35 8
4 6 1 35 13
5 6 1 35 14
5 5 1 35 19
5 8 4 35 20
6 6 1 35 22
5 7 1 35 23
5 7 1 35 24
6 6 1 35 25
4 8 2 35 26
6 6 3 35 27
6 7 3 35 29
0 7 2 35 31
1 2 3 36 1
1 1 3 36 3
0 1 2 36 5
0 1 3 36 6
1 1 1 36 8
1 7 3 36 9
5 7 3 36 11
2 7 2 36 15
3 5 2 36 16
4 4 1 36 17
5 5 1 36 18
5 8 1 36 20
5 8 1 36 21
3 5 2 36 27
3 5 2 36 28
2 6 2 36 29
1 5 2 36 30
1 2 3 36 32
1 1 3 37 1
2 3 1 37 3
0 3 2 37 4
0 3 3 37 6
3 3 1 37 9
4 6 3 37 10
6 7 1 37 12
4 6 4 37 13
5 8 1 37 19
7 7 1 37 22
6 7 1 37 23
5 7 2 37 24
3 7 4 37 25
1 2 1 37 31
1 1 1 37 32
1 1 1 37 33
1 3 3 38 1
0 0 3 38 5
1 4 3 38 7
2 7 3 38 10
5 7 1 38 13
3 8 1 38 14
4 8 1 38 15
3 8 1 38 16
2 8 1 38 17
5 8 1 38 18
7 7 3 38 20
1 6 2 38 25
1 4 2 38 26
2 4 4 38 27
1 2 3 38 29
1 3 3 39 1
0 1 4 39 3
0 1 3 39 5
1 3 2 39 7
4 4 3 39 8
3 4 2 39 10
1 8 3 39 11
7 7 3 39 19
6 7 1 39 21
6 7 4 39 22
1 5 2 39 24
0 3 4 39 27
0 0 1 39 29
0 2 3 39 30
1 1 3 39 32
2 3 4 40 1
0 1 4 40 3
0 2 3 40 5
1 4 3 40 8
2 8 3 40 11
6 7 3 40 13
8 8 3 40 15
7 7 3 40 17
6 8 4 40 19
4 6 4 40 22
0 0 3 40 25
0 0 3 40 27
0 2 3 40 30
1 1 3 40 32
